dataset,epoch,f1,precision,recall
/home/pc/bgp-feature-extractor/datasets/dataset_code-red_513_15_rrc04.csv,0,0.0,0.0,0.0
/home/pc/bgp-feature-extractor/datasets/dataset_code-red_513_1_rrc04.csv,0,0.0,0.0,0.0
/home/pc/bgp-feature-extractor/datasets/dataset_code-red_513_5_rrc04.csv,0,0.0,0.0,0.0
/home/pc/bgp-feature-extractor/datasets/dataset_code-red_6893_15_rrc04.csv,0,0.0,0.0,0.0
/home/pc/bgp-feature-extractor/datasets/dataset_code-red_6893_1_rrc04.csv,0,0.0,0.0,0.0
/home/pc/bgp-feature-extractor/datasets/dataset_code-red_6893_5_rrc04.csv,0,0.0,0.0,0.0
/home/pc/bgp-feature-extractor/datasets/dataset_nimda_513_1_rrc04.csv,0,0.518,0.35,1.0
/home/pc/bgp-feature-extractor/datasets/dataset_nimda_513_5_rrc04.csv,0,0.514,0.346,1.0
/home/pc/bgp-feature-extractor/datasets/dataset_nimda_559_1_rrc04.csv,0,0.518,0.35,1.0
/home/pc/bgp-feature-extractor/datasets/dataset_nimda_559_5_rrc04.csv,0,0.515,0.347,1.0
/home/pc/bgp-feature-extractor/datasets/dataset_nimda_6893_15_rrc04.csv,0,0.505,0.338,1.0
/home/pc/bgp-feature-extractor/datasets/dataset_nimda_6893_1_rrc04.csv,0,0.518,0.35,1.0
/home/pc/bgp-feature-extractor/datasets/dataset_nimda_6893_5_rrc04.csv,0,0.515,0.347,1.0
/home/pc/bgp-feature-extractor/datasets/dataset_moscow_blackout_1853_1_rrc05.csv,0,0.0,0.0,0.0
/home/pc/bgp-feature-extractor/datasets/dataset_moscow_blackout_1853_5_rrc05.csv,0,0.0,0.0,0.0
/home/pc/bgp-feature-extractor/datasets/dataset_moscow_blackout_12793_1_rrc05.csv,0,0.0,0.0,0.0
/home/pc/bgp-feature-extractor/datasets/dataset_moscow_blackout_12793_5_rrc05.csv,0,0.0,0.0,0.0
/home/pc/bgp-feature-extractor/datasets/dataset_code-red_513_15_rrc04.csv,0,0.0,0.0,0.0
/home/pc/bgp-feature-extractor/datasets/dataset_code-red_513_1_rrc04.csv,0,0.0,0.0,0.0
/home/pc/bgp-feature-extractor/datasets/dataset_code-red_513_5_rrc04.csv,0,0.0,0.0,0.0
/home/pc/bgp-feature-extractor/datasets/dataset_code-red_6893_15_rrc04.csv,0,0.0,0.0,0.0
/home/pc/bgp-feature-extractor/datasets/dataset_code-red_6893_1_rrc04.csv,0,0.0,0.0,0.0
/home/pc/bgp-feature-extractor/datasets/dataset_code-red_6893_5_rrc04.csv,0,0.0,0.0,0.0
/home/pc/bgp-feature-extractor/datasets/dataset_nimda_513_1_rrc04.csv,0,0.518,0.35,1.0
/home/pc/bgp-feature-extractor/datasets/dataset_nimda_513_5_rrc04.csv,0,0.514,0.346,1.0
/home/pc/bgp-feature-extractor/datasets/dataset_nimda_559_1_rrc04.csv,0,0.518,0.35,1.0
/home/pc/bgp-feature-extractor/datasets/dataset_nimda_559_5_rrc04.csv,0,0.515,0.347,1.0
/home/pc/bgp-feature-extractor/datasets/dataset_nimda_6893_15_rrc04.csv,0,0.505,0.338,1.0
/home/pc/bgp-feature-extractor/datasets/dataset_nimda_6893_1_rrc04.csv,0,0.533,0.363,1.0
/home/pc/bgp-feature-extractor/datasets/dataset_nimda_6893_5_rrc04.csv,0,0.54,0.369,1.0
/home/pc/bgp-feature-extractor/datasets/dataset_moscow_blackout_1853_1_rrc05.csv,0,0.086,0.5,0.047
/home/pc/bgp-feature-extractor/datasets/dataset_moscow_blackout_1853_5_rrc05.csv,0,0.0,0.0,0.0
/home/pc/bgp-feature-extractor/datasets/dataset_moscow_blackout_12793_1_rrc05.csv,0,0.19,1.0,0.105
/home/pc/bgp-feature-extractor/datasets/dataset_moscow_blackout_12793_5_rrc05.csv,0,0.0,0.0,0.0
/home/pc/bgp-feature-extractor/datasets/dataset_code-red_513_15_rrc04.csv,0,0.0,0.0,0.0
/home/pc/bgp-feature-extractor/datasets/dataset_code-red_513_1_rrc04.csv,0,0.75,0.795,0.709
/home/pc/bgp-feature-extractor/datasets/dataset_code-red_513_5_rrc04.csv,0,0.7,0.764,0.646
/home/pc/bgp-feature-extractor/datasets/dataset_code-red_6893_15_rrc04.csv,0,0.444,0.7,0.326
/home/pc/bgp-feature-extractor/datasets/dataset_code-red_6893_1_rrc04.csv,0,0.755,0.759,0.752
/home/pc/bgp-feature-extractor/datasets/dataset_code-red_6893_5_rrc04.csv,0,0.727,0.732,0.721
/home/pc/bgp-feature-extractor/datasets/dataset_nimda_513_1_rrc04.csv,0,0.659,0.878,0.527
/home/pc/bgp-feature-extractor/datasets/dataset_nimda_513_5_rrc04.csv,0,0.686,0.524,0.992
/home/pc/bgp-feature-extractor/datasets/dataset_nimda_559_1_rrc04.csv,0,0.651,0.691,0.615
/home/pc/bgp-feature-extractor/datasets/dataset_nimda_559_5_rrc04.csv,0,0.677,0.521,0.963
/home/pc/bgp-feature-extractor/datasets/dataset_nimda_6893_15_rrc04.csv,0,0.711,0.571,0.941
/home/pc/bgp-feature-extractor/datasets/dataset_nimda_6893_1_rrc04.csv,0,0.74,0.844,0.659
/home/pc/bgp-feature-extractor/datasets/dataset_nimda_6893_5_rrc04.csv,0,0.78,0.654,0.968
/home/pc/bgp-feature-extractor/datasets/dataset_moscow_blackout_1853_1_rrc05.csv,0,0.444,0.337,0.649
/home/pc/bgp-feature-extractor/datasets/dataset_moscow_blackout_1853_5_rrc05.csv,0,0.031,0.033,0.029
/home/pc/bgp-feature-extractor/datasets/dataset_moscow_blackout_12793_1_rrc05.csv,0,0.7,0.672,0.731
/home/pc/bgp-feature-extractor/datasets/dataset_moscow_blackout_12793_5_rrc05.csv,0,0.0,0.0,0.0
/home/pc/bgp-feature-extractor/datasets/dataset_code-red_513_15_rrc04.csv,0,0.407,0.8,0.273
/home/pc/bgp-feature-extractor/datasets/dataset_code-red_513_1_rrc04.csv,0,0.751,0.697,0.815
/home/pc/bgp-feature-extractor/datasets/dataset_code-red_513_5_rrc04.csv,0,0.686,0.64,0.738
/home/pc/bgp-feature-extractor/datasets/dataset_code-red_6893_15_rrc04.csv,0,0.441,0.6,0.349
/home/pc/bgp-feature-extractor/datasets/dataset_code-red_6893_1_rrc04.csv,0,0.77,0.716,0.833
/home/pc/bgp-feature-extractor/datasets/dataset_code-red_6893_5_rrc04.csv,0,0.693,0.636,0.76
/home/pc/bgp-feature-extractor/datasets/dataset_nimda_513_1_rrc04.csv,0,0.705,0.923,0.57
/home/pc/bgp-feature-extractor/datasets/dataset_nimda_513_5_rrc04.csv,0,0.748,0.602,0.987
/home/pc/bgp-feature-extractor/datasets/dataset_nimda_559_1_rrc04.csv,0,0.66,0.729,0.603
/home/pc/bgp-feature-extractor/datasets/dataset_nimda_559_5_rrc04.csv,0,0.694,0.541,0.968
/home/pc/bgp-feature-extractor/datasets/dataset_nimda_6893_15_rrc04.csv,0,0.721,0.585,0.937
/home/pc/bgp-feature-extractor/datasets/dataset_nimda_6893_1_rrc04.csv,0,0.749,0.882,0.65
/home/pc/bgp-feature-extractor/datasets/dataset_nimda_6893_5_rrc04.csv,0,0.8,0.68,0.972
/home/pc/bgp-feature-extractor/datasets/dataset_moscow_blackout_1853_1_rrc05.csv,0,0.431,0.31,0.708
/home/pc/bgp-feature-extractor/datasets/dataset_moscow_blackout_1853_5_rrc05.csv,0,0.146,0.128,0.171
/home/pc/bgp-feature-extractor/datasets/dataset_moscow_blackout_12793_1_rrc05.csv,0,0.69,0.645,0.743
/home/pc/bgp-feature-extractor/datasets/dataset_moscow_blackout_12793_5_rrc05.csv,0,0.105,0.667,0.057
/home/pc/bgp-feature-extractor/datasets/dataset_code-red_513_15_rrc04.csv,0,0.469,0.75,0.341
/home/pc/bgp-feature-extractor/datasets/dataset_code-red_513_1_rrc04.csv,0,0.763,0.702,0.835
/home/pc/bgp-feature-extractor/datasets/dataset_code-red_513_5_rrc04.csv,0,0.707,0.654,0.769
/home/pc/bgp-feature-extractor/datasets/dataset_code-red_6893_15_rrc04.csv,0,0.455,0.652,0.349
/home/pc/bgp-feature-extractor/datasets/dataset_code-red_6893_1_rrc04.csv,0,0.777,0.72,0.844
/home/pc/bgp-feature-extractor/datasets/dataset_code-red_6893_5_rrc04.csv,0,0.7,0.643,0.767
/home/pc/bgp-feature-extractor/datasets/dataset_nimda_513_1_rrc04.csv,0,0.735,0.913,0.614
/home/pc/bgp-feature-extractor/datasets/dataset_nimda_513_5_rrc04.csv,0,0.767,0.628,0.986
/home/pc/bgp-feature-extractor/datasets/dataset_nimda_559_1_rrc04.csv,0,0.673,0.738,0.619
/home/pc/bgp-feature-extractor/datasets/dataset_nimda_559_5_rrc04.csv,0,0.701,0.55,0.968
/home/pc/bgp-feature-extractor/datasets/dataset_nimda_6893_15_rrc04.csv,0,0.728,0.595,0.937
/home/pc/bgp-feature-extractor/datasets/dataset_nimda_6893_1_rrc04.csv,0,0.754,0.891,0.653
/home/pc/bgp-feature-extractor/datasets/dataset_nimda_6893_5_rrc04.csv,0,0.813,0.7,0.969
/home/pc/bgp-feature-extractor/datasets/dataset_moscow_blackout_1853_1_rrc05.csv,0,0.437,0.308,0.749
/home/pc/bgp-feature-extractor/datasets/dataset_moscow_blackout_1853_5_rrc05.csv,0,0.176,0.143,0.229
/home/pc/bgp-feature-extractor/datasets/dataset_moscow_blackout_12793_1_rrc05.csv,0,0.701,0.65,0.76
/home/pc/bgp-feature-extractor/datasets/dataset_moscow_blackout_12793_5_rrc05.csv,0,0.15,0.6,0.086
/home/pc/bgp-feature-extractor/datasets/dataset_code-red_513_15_rrc04.csv,0,0.551,0.76,0.432
/home/pc/bgp-feature-extractor/datasets/dataset_code-red_513_1_rrc04.csv,0,0.769,0.705,0.847
/home/pc/bgp-feature-extractor/datasets/dataset_code-red_513_5_rrc04.csv,0,0.709,0.658,0.769
/home/pc/bgp-feature-extractor/datasets/dataset_code-red_6893_15_rrc04.csv,0,0.478,0.667,0.372
/home/pc/bgp-feature-extractor/datasets/dataset_code-red_6893_1_rrc04.csv,0,0.778,0.712,0.858
/home/pc/bgp-feature-extractor/datasets/dataset_code-red_6893_5_rrc04.csv,0,0.704,0.645,0.775
/home/pc/bgp-feature-extractor/datasets/dataset_nimda_513_1_rrc04.csv,0,0.755,0.902,0.65
/home/pc/bgp-feature-extractor/datasets/dataset_nimda_513_5_rrc04.csv,0,0.768,0.628,0.987
/home/pc/bgp-feature-extractor/datasets/dataset_nimda_559_1_rrc04.csv,0,0.684,0.747,0.631
/home/pc/bgp-feature-extractor/datasets/dataset_nimda_559_5_rrc04.csv,0,0.707,0.557,0.97
/home/pc/bgp-feature-extractor/datasets/dataset_nimda_6893_15_rrc04.csv,0,0.729,0.601,0.929
/home/pc/bgp-feature-extractor/datasets/dataset_nimda_6893_1_rrc04.csv,0,0.761,0.9,0.659
/home/pc/bgp-feature-extractor/datasets/dataset_nimda_6893_5_rrc04.csv,0,0.821,0.711,0.972
/home/pc/bgp-feature-extractor/datasets/dataset_moscow_blackout_1853_1_rrc05.csv,0,0.441,0.309,0.772
/home/pc/bgp-feature-extractor/datasets/dataset_moscow_blackout_1853_5_rrc05.csv,0,0.186,0.145,0.257
/home/pc/bgp-feature-extractor/datasets/dataset_moscow_blackout_12793_1_rrc05.csv,0,0.713,0.658,0.778
/home/pc/bgp-feature-extractor/datasets/dataset_moscow_blackout_12793_5_rrc05.csv,0,0.186,0.5,0.114
/home/pc/bgp-feature-extractor/datasets/dataset_code-red_513_15_rrc04.csv,0,0.563,0.741,0.455
/home/pc/bgp-feature-extractor/datasets/dataset_code-red_513_1_rrc04.csv,0,0.77,0.705,0.849
/home/pc/bgp-feature-extractor/datasets/dataset_code-red_513_5_rrc04.csv,0,0.718,0.662,0.785
/home/pc/bgp-feature-extractor/datasets/dataset_code-red_6893_15_rrc04.csv,0,0.507,0.708,0.395
/home/pc/bgp-feature-extractor/datasets/dataset_code-red_6893_1_rrc04.csv,0,0.777,0.706,0.863
/home/pc/bgp-feature-extractor/datasets/dataset_code-red_6893_5_rrc04.csv,0,0.72,0.65,0.806
/home/pc/bgp-feature-extractor/datasets/dataset_nimda_513_1_rrc04.csv,0,0.766,0.894,0.671
/home/pc/bgp-feature-extractor/datasets/dataset_nimda_513_5_rrc04.csv,0,0.765,0.626,0.984
/home/pc/bgp-feature-extractor/datasets/dataset_nimda_559_1_rrc04.csv,0,0.694,0.751,0.645
/home/pc/bgp-feature-extractor/datasets/dataset_nimda_559_5_rrc04.csv,0,0.71,0.56,0.97
/home/pc/bgp-feature-extractor/datasets/dataset_nimda_6893_15_rrc04.csv,0,0.74,0.616,0.929
/home/pc/bgp-feature-extractor/datasets/dataset_nimda_6893_1_rrc04.csv,0,0.766,0.903,0.666
/home/pc/bgp-feature-extractor/datasets/dataset_nimda_6893_5_rrc04.csv,0,0.824,0.717,0.969
/home/pc/bgp-feature-extractor/datasets/dataset_moscow_blackout_1853_1_rrc05.csv,0,0.453,0.316,0.801
/home/pc/bgp-feature-extractor/datasets/dataset_moscow_blackout_1853_5_rrc05.csv,0,0.198,0.152,0.286
/home/pc/bgp-feature-extractor/datasets/dataset_moscow_blackout_12793_1_rrc05.csv,0,0.716,0.655,0.789
/home/pc/bgp-feature-extractor/datasets/dataset_moscow_blackout_12793_5_rrc05.csv,0,0.217,0.455,0.143
/home/pc/bgp-feature-extractor/datasets/dataset_code-red_513_15_rrc04.csv,0,0.603,0.759,0.5
/home/pc/bgp-feature-extractor/datasets/dataset_code-red_513_1_rrc04.csv,0,0.766,0.695,0.854
/home/pc/bgp-feature-extractor/datasets/dataset_code-red_513_5_rrc04.csv,0,0.734,0.673,0.808
/home/pc/bgp-feature-extractor/datasets/dataset_code-red_6893_15_rrc04.csv,0,0.583,0.724,0.488
/home/pc/bgp-feature-extractor/datasets/dataset_code-red_6893_1_rrc04.csv,0,0.781,0.71,0.867
/home/pc/bgp-feature-extractor/datasets/dataset_code-red_6893_5_rrc04.csv,0,0.721,0.642,0.822
/home/pc/bgp-feature-extractor/datasets/dataset_nimda_513_1_rrc04.csv,0,0.781,0.889,0.697
/home/pc/bgp-feature-extractor/datasets/dataset_nimda_513_5_rrc04.csv,0,0.766,0.627,0.986
/home/pc/bgp-feature-extractor/datasets/dataset_nimda_559_1_rrc04.csv,0,0.703,0.755,0.657
/home/pc/bgp-feature-extractor/datasets/dataset_nimda_559_5_rrc04.csv,0,0.708,0.557,0.972
/home/pc/bgp-feature-extractor/datasets/dataset_nimda_6893_15_rrc04.csv,0,0.738,0.615,0.924
/home/pc/bgp-feature-extractor/datasets/dataset_nimda_6893_1_rrc04.csv,0,0.778,0.904,0.682
/home/pc/bgp-feature-extractor/datasets/dataset_nimda_6893_5_rrc04.csv,0,0.829,0.724,0.97
/home/pc/bgp-feature-extractor/datasets/dataset_moscow_blackout_1853_1_rrc05.csv,0,0.446,0.307,0.813
/home/pc/bgp-feature-extractor/datasets/dataset_moscow_blackout_1853_5_rrc05.csv,0,0.194,0.147,0.286
/home/pc/bgp-feature-extractor/datasets/dataset_moscow_blackout_12793_1_rrc05.csv,0,0.712,0.645,0.795
/home/pc/bgp-feature-extractor/datasets/dataset_moscow_blackout_12793_5_rrc05.csv,0,0.25,0.462,0.171
/home/pc/bgp-feature-extractor/datasets/dataset_code-red_513_15_rrc04.csv,0,0.605,0.719,0.523
/home/pc/bgp-feature-extractor/datasets/dataset_code-red_513_1_rrc04.csv,0,0.769,0.697,0.858
/home/pc/bgp-feature-extractor/datasets/dataset_code-red_513_5_rrc04.csv,0,0.734,0.667,0.815
/home/pc/bgp-feature-extractor/datasets/dataset_code-red_6893_15_rrc04.csv,0,0.641,0.714,0.581
/home/pc/bgp-feature-extractor/datasets/dataset_code-red_6893_1_rrc04.csv,0,0.783,0.71,0.872
/home/pc/bgp-feature-extractor/datasets/dataset_code-red_6893_5_rrc04.csv,0,0.721,0.637,0.829
/home/pc/bgp-feature-extractor/datasets/dataset_nimda_513_1_rrc04.csv,0,0.805,0.878,0.743
/home/pc/bgp-feature-extractor/datasets/dataset_nimda_513_5_rrc04.csv,0,0.768,0.629,0.986
/home/pc/bgp-feature-extractor/datasets/dataset_nimda_559_1_rrc04.csv,0,0.712,0.756,0.673
/home/pc/bgp-feature-extractor/datasets/dataset_nimda_559_5_rrc04.csv,0,0.708,0.559,0.965
/home/pc/bgp-feature-extractor/datasets/dataset_nimda_6893_15_rrc04.csv,0,0.745,0.623,0.924
/home/pc/bgp-feature-extractor/datasets/dataset_nimda_6893_1_rrc04.csv,0,0.779,0.908,0.681
/home/pc/bgp-feature-extractor/datasets/dataset_nimda_6893_5_rrc04.csv,0,0.832,0.728,0.972
/home/pc/bgp-feature-extractor/datasets/dataset_moscow_blackout_1853_1_rrc05.csv,0,0.448,0.307,0.825
/home/pc/bgp-feature-extractor/datasets/dataset_moscow_blackout_1853_5_rrc05.csv,0,0.21,0.157,0.314
/home/pc/bgp-feature-extractor/datasets/dataset_moscow_blackout_12793_1_rrc05.csv,0,0.719,0.648,0.807
/home/pc/bgp-feature-extractor/datasets/dataset_moscow_blackout_12793_5_rrc05.csv,0,0.269,0.412,0.2
/home/pc/bgp-feature-extractor/datasets/dataset_code-red_513_15_rrc04.csv,0,0.641,0.735,0.568
/home/pc/bgp-feature-extractor/datasets/dataset_code-red_513_1_rrc04.csv,0,0.769,0.695,0.861
/home/pc/bgp-feature-extractor/datasets/dataset_code-red_513_5_rrc04.csv,0,0.721,0.646,0.815
/home/pc/bgp-feature-extractor/datasets/dataset_code-red_6893_15_rrc04.csv,0,0.667,0.683,0.651
/home/pc/bgp-feature-extractor/datasets/dataset_code-red_6893_1_rrc04.csv,0,0.784,0.709,0.875
/home/pc/bgp-feature-extractor/datasets/dataset_code-red_6893_5_rrc04.csv,0,0.718,0.633,0.829
/home/pc/bgp-feature-extractor/datasets/dataset_nimda_513_1_rrc04.csv,0,0.817,0.866,0.772
/home/pc/bgp-feature-extractor/datasets/dataset_nimda_513_5_rrc04.csv,0,0.777,0.642,0.986
/home/pc/bgp-feature-extractor/datasets/dataset_nimda_559_1_rrc04.csv,0,0.718,0.755,0.685
/home/pc/bgp-feature-extractor/datasets/dataset_nimda_559_5_rrc04.csv,0,0.708,0.555,0.976
/home/pc/bgp-feature-extractor/datasets/dataset_nimda_6893_15_rrc04.csv,0,0.742,0.617,0.929
/home/pc/bgp-feature-extractor/datasets/dataset_nimda_6893_1_rrc04.csv,0,0.784,0.907,0.691
/home/pc/bgp-feature-extractor/datasets/dataset_nimda_6893_5_rrc04.csv,0,0.831,0.724,0.976
/home/pc/bgp-feature-extractor/datasets/dataset_moscow_blackout_1853_1_rrc05.csv,0,0.443,0.302,0.83
/home/pc/bgp-feature-extractor/datasets/dataset_moscow_blackout_1853_5_rrc05.csv,0,0.224,0.167,0.343
/home/pc/bgp-feature-extractor/datasets/dataset_moscow_blackout_12793_1_rrc05.csv,0,0.727,0.654,0.819
/home/pc/bgp-feature-extractor/datasets/dataset_moscow_blackout_12793_5_rrc05.csv,0,0.316,0.409,0.257
/home/pc/bgp-feature-extractor/datasets/dataset_code-red_513_15_rrc04.csv,0,0.641,0.735,0.568
/home/pc/bgp-feature-extractor/datasets/dataset_code-red_513_1_rrc04.csv,0,0.773,0.698,0.866
/home/pc/bgp-feature-extractor/datasets/dataset_code-red_513_5_rrc04.csv,0,0.73,0.656,0.823
/home/pc/bgp-feature-extractor/datasets/dataset_code-red_6893_15_rrc04.csv,0,0.713,0.705,0.721
/home/pc/bgp-feature-extractor/datasets/dataset_code-red_6893_1_rrc04.csv,0,0.788,0.713,0.88
/home/pc/bgp-feature-extractor/datasets/dataset_code-red_6893_5_rrc04.csv,0,0.728,0.636,0.853
/home/pc/bgp-feature-extractor/datasets/dataset_nimda_513_1_rrc04.csv,0,0.827,0.857,0.8
/home/pc/bgp-feature-extractor/datasets/dataset_nimda_513_5_rrc04.csv,0,0.777,0.641,0.986
/home/pc/bgp-feature-extractor/datasets/dataset_nimda_559_1_rrc04.csv,0,0.722,0.758,0.689
/home/pc/bgp-feature-extractor/datasets/dataset_nimda_559_5_rrc04.csv,0,0.709,0.559,0.97
/home/pc/bgp-feature-extractor/datasets/dataset_nimda_6893_15_rrc04.csv,0,0.745,0.623,0.924
/home/pc/bgp-feature-extractor/datasets/dataset_nimda_6893_1_rrc04.csv,0,0.788,0.907,0.696
/home/pc/bgp-feature-extractor/datasets/dataset_nimda_6893_5_rrc04.csv,0,0.831,0.724,0.976
/home/pc/bgp-feature-extractor/datasets/dataset_moscow_blackout_1853_1_rrc05.csv,0,0.45,0.306,0.848
/home/pc/bgp-feature-extractor/datasets/dataset_moscow_blackout_1853_5_rrc05.csv,0,0.286,0.208,0.457
/home/pc/bgp-feature-extractor/datasets/dataset_moscow_blackout_12793_1_rrc05.csv,0,0.729,0.653,0.825
/home/pc/bgp-feature-extractor/datasets/dataset_moscow_blackout_12793_5_rrc05.csv,0,0.476,0.536,0.429
/home/pc/bgp-feature-extractor/datasets/dataset_code-red_513_15_rrc04.csv,0,0.641,0.735,0.568
/home/pc/bgp-feature-extractor/datasets/dataset_code-red_513_1_rrc04.csv,0,0.775,0.699,0.869
/home/pc/bgp-feature-extractor/datasets/dataset_code-red_513_5_rrc04.csv,0,0.735,0.659,0.831
/home/pc/bgp-feature-extractor/datasets/dataset_code-red_6893_15_rrc04.csv,0,0.742,0.717,0.767
/home/pc/bgp-feature-extractor/datasets/dataset_code-red_6893_1_rrc04.csv,0,0.791,0.718,0.881
/home/pc/bgp-feature-extractor/datasets/dataset_code-red_6893_5_rrc04.csv,0,0.731,0.64,0.853
/home/pc/bgp-feature-extractor/datasets/dataset_nimda_513_1_rrc04.csv,0,0.828,0.857,0.801
/home/pc/bgp-feature-extractor/datasets/dataset_nimda_513_5_rrc04.csv,0,0.783,0.65,0.986
/home/pc/bgp-feature-extractor/datasets/dataset_nimda_559_1_rrc04.csv,0,0.72,0.761,0.684
/home/pc/bgp-feature-extractor/datasets/dataset_nimda_559_5_rrc04.csv,0,0.704,0.551,0.975
/home/pc/bgp-feature-extractor/datasets/dataset_nimda_6893_15_rrc04.csv,0,0.744,0.618,0.933
/home/pc/bgp-feature-extractor/datasets/dataset_nimda_6893_1_rrc04.csv,0,0.78,0.903,0.687
/home/pc/bgp-feature-extractor/datasets/dataset_nimda_6893_5_rrc04.csv,0,0.829,0.722,0.975
/home/pc/bgp-feature-extractor/datasets/dataset_moscow_blackout_1853_1_rrc05.csv,0,0.45,0.307,0.848
/home/pc/bgp-feature-extractor/datasets/dataset_moscow_blackout_1853_5_rrc05.csv,0,0.321,0.234,0.514
/home/pc/bgp-feature-extractor/datasets/dataset_moscow_blackout_12793_1_rrc05.csv,0,0.732,0.654,0.83
/home/pc/bgp-feature-extractor/datasets/dataset_moscow_blackout_12793_5_rrc05.csv,0,0.523,0.567,0.486
/home/pc/bgp-feature-extractor/datasets/dataset_code-red_513_15_rrc04.csv,0,0.714,0.75,0.682
/home/pc/bgp-feature-extractor/datasets/dataset_code-red_513_1_rrc04.csv,0,0.776,0.701,0.871
/home/pc/bgp-feature-extractor/datasets/dataset_code-red_513_5_rrc04.csv,0,0.737,0.663,0.831
/home/pc/bgp-feature-extractor/datasets/dataset_code-red_6893_15_rrc04.csv,0,0.75,0.733,0.767
/home/pc/bgp-feature-extractor/datasets/dataset_code-red_6893_1_rrc04.csv,0,0.792,0.72,0.88
/home/pc/bgp-feature-extractor/datasets/dataset_code-red_6893_5_rrc04.csv,0,0.731,0.64,0.853
/home/pc/bgp-feature-extractor/datasets/dataset_nimda_513_1_rrc04.csv,0,0.824,0.864,0.788
/home/pc/bgp-feature-extractor/datasets/dataset_nimda_513_5_rrc04.csv,0,0.784,0.65,0.987
/home/pc/bgp-feature-extractor/datasets/dataset_nimda_559_1_rrc04.csv,0,0.722,0.769,0.68
/home/pc/bgp-feature-extractor/datasets/dataset_nimda_559_5_rrc04.csv,0,0.702,0.547,0.98
/home/pc/bgp-feature-extractor/datasets/dataset_nimda_6893_15_rrc04.csv,0,0.736,0.608,0.933
/home/pc/bgp-feature-extractor/datasets/dataset_nimda_6893_1_rrc04.csv,0,0.775,0.903,0.679
/home/pc/bgp-feature-extractor/datasets/dataset_nimda_6893_5_rrc04.csv,0,0.827,0.718,0.976
/home/pc/bgp-feature-extractor/datasets/dataset_moscow_blackout_1853_1_rrc05.csv,0,0.447,0.301,0.865
/home/pc/bgp-feature-extractor/datasets/dataset_moscow_blackout_1853_5_rrc05.csv,0,0.41,0.287,0.714
/home/pc/bgp-feature-extractor/datasets/dataset_moscow_blackout_12793_1_rrc05.csv,0,0.745,0.661,0.854
/home/pc/bgp-feature-extractor/datasets/dataset_moscow_blackout_12793_5_rrc05.csv,0,0.675,0.6,0.771
/home/pc/bgp-feature-extractor/datasets/dataset_code-red_513_15_rrc04.csv,0,0.713,0.721,0.705
/home/pc/bgp-feature-extractor/datasets/dataset_code-red_513_1_rrc04.csv,0,0.777,0.701,0.872
/home/pc/bgp-feature-extractor/datasets/dataset_code-red_513_5_rrc04.csv,0,0.732,0.655,0.831
/home/pc/bgp-feature-extractor/datasets/dataset_code-red_6893_15_rrc04.csv,0,0.769,0.729,0.814
/home/pc/bgp-feature-extractor/datasets/dataset_code-red_6893_1_rrc04.csv,0,0.792,0.719,0.88
/home/pc/bgp-feature-extractor/datasets/dataset_code-red_6893_5_rrc04.csv,0,0.733,0.643,0.853
/home/pc/bgp-feature-extractor/datasets/dataset_nimda_513_1_rrc04.csv,0,0.837,0.852,0.823
/home/pc/bgp-feature-extractor/datasets/dataset_nimda_513_5_rrc04.csv,0,0.785,0.651,0.987
/home/pc/bgp-feature-extractor/datasets/dataset_nimda_559_1_rrc04.csv,0,0.719,0.762,0.681
/home/pc/bgp-feature-extractor/datasets/dataset_nimda_559_5_rrc04.csv,0,0.697,0.541,0.979
/home/pc/bgp-feature-extractor/datasets/dataset_nimda_6893_15_rrc04.csv,0,0.734,0.603,0.937
/home/pc/bgp-feature-extractor/datasets/dataset_nimda_6893_1_rrc04.csv,0,0.776,0.899,0.682
/home/pc/bgp-feature-extractor/datasets/dataset_nimda_6893_5_rrc04.csv,0,0.825,0.714,0.976
/home/pc/bgp-feature-extractor/datasets/dataset_moscow_blackout_1853_1_rrc05.csv,0,0.451,0.304,0.871
/home/pc/bgp-feature-extractor/datasets/dataset_moscow_blackout_1853_5_rrc05.csv,0,0.407,0.284,0.714
/home/pc/bgp-feature-extractor/datasets/dataset_moscow_blackout_12793_1_rrc05.csv,0,0.759,0.67,0.877
/home/pc/bgp-feature-extractor/datasets/dataset_moscow_blackout_12793_5_rrc05.csv,0,0.691,0.609,0.8
/home/pc/bgp-feature-extractor/datasets/dataset_code-red_513_15_rrc04.csv,0,0.742,0.733,0.75
/home/pc/bgp-feature-extractor/datasets/dataset_code-red_513_1_rrc04.csv,0,0.773,0.695,0.872
/home/pc/bgp-feature-extractor/datasets/dataset_code-red_513_5_rrc04.csv,0,0.729,0.645,0.838
/home/pc/bgp-feature-extractor/datasets/dataset_code-red_6893_15_rrc04.csv,0,0.796,0.74,0.86
/home/pc/bgp-feature-extractor/datasets/dataset_code-red_6893_1_rrc04.csv,0,0.792,0.72,0.88
/home/pc/bgp-feature-extractor/datasets/dataset_code-red_6893_5_rrc04.csv,0,0.731,0.64,0.853
/home/pc/bgp-feature-extractor/datasets/dataset_nimda_513_1_rrc04.csv,0,0.822,0.876,0.773
/home/pc/bgp-feature-extractor/datasets/dataset_nimda_513_5_rrc04.csv,0,0.782,0.648,0.987
/home/pc/bgp-feature-extractor/datasets/dataset_nimda_559_1_rrc04.csv,0,0.715,0.773,0.664
/home/pc/bgp-feature-extractor/datasets/dataset_nimda_559_5_rrc04.csv,0,0.697,0.541,0.98
/home/pc/bgp-feature-extractor/datasets/dataset_nimda_6893_15_rrc04.csv,0,0.731,0.599,0.937
/home/pc/bgp-feature-extractor/datasets/dataset_nimda_6893_1_rrc04.csv,0,0.774,0.905,0.677
/home/pc/bgp-feature-extractor/datasets/dataset_nimda_6893_5_rrc04.csv,0,0.825,0.714,0.976
/home/pc/bgp-feature-extractor/datasets/dataset_moscow_blackout_1853_1_rrc05.csv,0,0.445,0.299,0.871
/home/pc/bgp-feature-extractor/datasets/dataset_moscow_blackout_1853_5_rrc05.csv,0,0.419,0.292,0.743
/home/pc/bgp-feature-extractor/datasets/dataset_moscow_blackout_12793_1_rrc05.csv,0,0.768,0.67,0.901
/home/pc/bgp-feature-extractor/datasets/dataset_moscow_blackout_12793_5_rrc05.csv,0,0.698,0.588,0.857
/home/pc/bgp-feature-extractor/datasets/dataset_code-red_513_15_rrc04.csv,0,0.756,0.739,0.773
/home/pc/bgp-feature-extractor/datasets/dataset_code-red_513_1_rrc04.csv,0,0.777,0.7,0.874
/home/pc/bgp-feature-extractor/datasets/dataset_code-red_513_5_rrc04.csv,0,0.719,0.63,0.838
/home/pc/bgp-feature-extractor/datasets/dataset_code-red_6893_15_rrc04.csv,0,0.787,0.725,0.86
/home/pc/bgp-feature-extractor/datasets/dataset_code-red_6893_1_rrc04.csv,0,0.787,0.709,0.883
/home/pc/bgp-feature-extractor/datasets/dataset_code-red_6893_5_rrc04.csv,0,0.728,0.636,0.853
/home/pc/bgp-feature-extractor/datasets/dataset_nimda_513_1_rrc04.csv,0,0.829,0.861,0.8
/home/pc/bgp-feature-extractor/datasets/dataset_nimda_513_5_rrc04.csv,0,0.787,0.654,0.987
/home/pc/bgp-feature-extractor/datasets/dataset_nimda_559_1_rrc04.csv,0,0.718,0.765,0.677
/home/pc/bgp-feature-extractor/datasets/dataset_nimda_559_5_rrc04.csv,0,0.697,0.541,0.979
/home/pc/bgp-feature-extractor/datasets/dataset_nimda_6893_15_rrc04.csv,0,0.735,0.602,0.945
/home/pc/bgp-feature-extractor/datasets/dataset_nimda_6893_1_rrc04.csv,0,0.773,0.896,0.68
/home/pc/bgp-feature-extractor/datasets/dataset_nimda_6893_5_rrc04.csv,0,0.815,0.7,0.976
/home/pc/bgp-feature-extractor/datasets/dataset_moscow_blackout_1853_1_rrc05.csv,0,0.449,0.301,0.883
/home/pc/bgp-feature-extractor/datasets/dataset_moscow_blackout_1853_5_rrc05.csv,0,0.444,0.308,0.8
/home/pc/bgp-feature-extractor/datasets/dataset_moscow_blackout_12793_1_rrc05.csv,0,0.78,0.681,0.912
/home/pc/bgp-feature-extractor/datasets/dataset_moscow_blackout_12793_5_rrc05.csv,0,0.713,0.596,0.886
/home/pc/bgp-feature-extractor/datasets/dataset_code-red_513_15_rrc04.csv,0,0.753,0.714,0.795
/home/pc/bgp-feature-extractor/datasets/dataset_code-red_513_1_rrc04.csv,0,0.774,0.695,0.874
/home/pc/bgp-feature-extractor/datasets/dataset_code-red_513_5_rrc04.csv,0,0.715,0.623,0.838
/home/pc/bgp-feature-extractor/datasets/dataset_code-red_6893_15_rrc04.csv,0,0.787,0.725,0.86
/home/pc/bgp-feature-extractor/datasets/dataset_code-red_6893_1_rrc04.csv,0,0.787,0.709,0.883
/home/pc/bgp-feature-extractor/datasets/dataset_code-red_6893_5_rrc04.csv,0,0.737,0.64,0.868
/home/pc/bgp-feature-extractor/datasets/dataset_nimda_513_1_rrc04.csv,0,0.808,0.882,0.746
/home/pc/bgp-feature-extractor/datasets/dataset_nimda_513_5_rrc04.csv,0,0.788,0.656,0.987
/home/pc/bgp-feature-extractor/datasets/dataset_nimda_559_1_rrc04.csv,0,0.713,0.78,0.656
/home/pc/bgp-feature-extractor/datasets/dataset_nimda_559_5_rrc04.csv,0,0.69,0.532,0.982
/home/pc/bgp-feature-extractor/datasets/dataset_nimda_6893_15_rrc04.csv,0,0.728,0.592,0.945
/home/pc/bgp-feature-extractor/datasets/dataset_nimda_6893_1_rrc04.csv,0,0.775,0.908,0.675
/home/pc/bgp-feature-extractor/datasets/dataset_nimda_6893_5_rrc04.csv,0,0.814,0.699,0.976
/home/pc/bgp-feature-extractor/datasets/dataset_moscow_blackout_1853_1_rrc05.csv,0,0.444,0.298,0.877
/home/pc/bgp-feature-extractor/datasets/dataset_moscow_blackout_1853_5_rrc05.csv,0,0.444,0.308,0.8
/home/pc/bgp-feature-extractor/datasets/dataset_moscow_blackout_12793_1_rrc05.csv,0,0.779,0.677,0.918
/home/pc/bgp-feature-extractor/datasets/dataset_moscow_blackout_12793_5_rrc05.csv,0,0.713,0.596,0.886
/home/pc/bgp-feature-extractor/datasets/dataset_code-red_513_15_rrc04.csv,0,0.753,0.714,0.795
/home/pc/bgp-feature-extractor/datasets/dataset_code-red_513_1_rrc04.csv,0,0.775,0.697,0.874
/home/pc/bgp-feature-extractor/datasets/dataset_code-red_513_5_rrc04.csv,0,0.713,0.624,0.831
/home/pc/bgp-feature-extractor/datasets/dataset_code-red_6893_15_rrc04.csv,0,0.787,0.725,0.86
/home/pc/bgp-feature-extractor/datasets/dataset_code-red_6893_1_rrc04.csv,0,0.791,0.718,0.88
/home/pc/bgp-feature-extractor/datasets/dataset_code-red_6893_5_rrc04.csv,0,0.737,0.64,0.868
/home/pc/bgp-feature-extractor/datasets/dataset_nimda_513_1_rrc04.csv,0,0.822,0.866,0.782
/home/pc/bgp-feature-extractor/datasets/dataset_nimda_513_5_rrc04.csv,0,0.788,0.656,0.987
/home/pc/bgp-feature-extractor/datasets/dataset_nimda_559_1_rrc04.csv,0,0.716,0.767,0.67
/home/pc/bgp-feature-extractor/datasets/dataset_nimda_559_5_rrc04.csv,0,0.692,0.536,0.976
/home/pc/bgp-feature-extractor/datasets/dataset_nimda_6893_15_rrc04.csv,0,0.732,0.599,0.941
/home/pc/bgp-feature-extractor/datasets/dataset_nimda_6893_1_rrc04.csv,0,0.786,0.899,0.698
/home/pc/bgp-feature-extractor/datasets/dataset_nimda_6893_5_rrc04.csv,0,0.809,0.691,0.976
/home/pc/bgp-feature-extractor/datasets/dataset_moscow_blackout_1853_1_rrc05.csv,0,0.449,0.299,0.895
/home/pc/bgp-feature-extractor/datasets/dataset_moscow_blackout_1853_5_rrc05.csv,0,0.449,0.301,0.886
/home/pc/bgp-feature-extractor/datasets/dataset_moscow_blackout_12793_1_rrc05.csv,0,0.787,0.682,0.93
/home/pc/bgp-feature-extractor/datasets/dataset_moscow_blackout_12793_5_rrc05.csv,0,0.713,0.596,0.886
/home/pc/bgp-feature-extractor/datasets/dataset_code-red_513_15_rrc04.csv,0,0.75,0.692,0.818
/home/pc/bgp-feature-extractor/datasets/dataset_code-red_513_1_rrc04.csv,0,0.777,0.698,0.877
/home/pc/bgp-feature-extractor/datasets/dataset_code-red_513_5_rrc04.csv,0,0.715,0.623,0.838
/home/pc/bgp-feature-extractor/datasets/dataset_code-red_6893_15_rrc04.csv,0,0.784,0.704,0.884
/home/pc/bgp-feature-extractor/datasets/dataset_code-red_6893_1_rrc04.csv,0,0.785,0.709,0.878
/home/pc/bgp-feature-extractor/datasets/dataset_code-red_6893_5_rrc04.csv,0,0.734,0.636,0.868
/home/pc/bgp-feature-extractor/datasets/dataset_nimda_513_1_rrc04.csv,0,0.8,0.877,0.735
/home/pc/bgp-feature-extractor/datasets/dataset_nimda_513_5_rrc04.csv,0,0.774,0.636,0.989
/home/pc/bgp-feature-extractor/datasets/dataset_nimda_559_1_rrc04.csv,0,0.709,0.768,0.658
/home/pc/bgp-feature-extractor/datasets/dataset_nimda_559_5_rrc04.csv,0,0.689,0.53,0.982
/home/pc/bgp-feature-extractor/datasets/dataset_nimda_6893_15_rrc04.csv,0,0.727,0.589,0.95
/home/pc/bgp-feature-extractor/datasets/dataset_nimda_6893_1_rrc04.csv,0,0.773,0.898,0.678
/home/pc/bgp-feature-extractor/datasets/dataset_nimda_6893_5_rrc04.csv,0,0.802,0.68,0.976
/home/pc/bgp-feature-extractor/datasets/dataset_moscow_blackout_1853_1_rrc05.csv,0,0.457,0.307,0.895
/home/pc/bgp-feature-extractor/datasets/dataset_moscow_blackout_1853_5_rrc05.csv,0,0.467,0.314,0.914
/home/pc/bgp-feature-extractor/datasets/dataset_moscow_blackout_12793_1_rrc05.csv,0,0.795,0.694,0.93
/home/pc/bgp-feature-extractor/datasets/dataset_moscow_blackout_12793_5_rrc05.csv,0,0.705,0.585,0.886
/home/pc/bgp-feature-extractor/datasets/dataset_code-red_513_15_rrc04.csv,0,0.75,0.692,0.818
/home/pc/bgp-feature-extractor/datasets/dataset_code-red_513_1_rrc04.csv,0,0.781,0.704,0.877
/home/pc/bgp-feature-extractor/datasets/dataset_code-red_513_5_rrc04.csv,0,0.715,0.623,0.838
/home/pc/bgp-feature-extractor/datasets/dataset_code-red_6893_15_rrc04.csv,0,0.784,0.704,0.884
/home/pc/bgp-feature-extractor/datasets/dataset_code-red_6893_1_rrc04.csv,0,0.783,0.707,0.877
/home/pc/bgp-feature-extractor/datasets/dataset_code-red_6893_5_rrc04.csv,0,0.748,0.648,0.884
/home/pc/bgp-feature-extractor/datasets/dataset_nimda_513_1_rrc04.csv,0,0.789,0.894,0.705
/home/pc/bgp-feature-extractor/datasets/dataset_nimda_513_5_rrc04.csv,0,0.759,0.616,0.989
/home/pc/bgp-feature-extractor/datasets/dataset_nimda_559_1_rrc04.csv,0,0.702,0.776,0.641
/home/pc/bgp-feature-extractor/datasets/dataset_nimda_559_5_rrc04.csv,0,0.688,0.529,0.983
/home/pc/bgp-feature-extractor/datasets/dataset_nimda_6893_15_rrc04.csv,0,0.73,0.593,0.95
/home/pc/bgp-feature-extractor/datasets/dataset_nimda_6893_1_rrc04.csv,0,0.779,0.895,0.689
/home/pc/bgp-feature-extractor/datasets/dataset_nimda_6893_5_rrc04.csv,0,0.803,0.683,0.976
/home/pc/bgp-feature-extractor/datasets/dataset_moscow_blackout_1853_1_rrc05.csv,0,0.459,0.309,0.895
/home/pc/bgp-feature-extractor/datasets/dataset_moscow_blackout_1853_5_rrc05.csv,0,0.489,0.33,0.943
/home/pc/bgp-feature-extractor/datasets/dataset_moscow_blackout_12793_1_rrc05.csv,0,0.799,0.7,0.93
/home/pc/bgp-feature-extractor/datasets/dataset_moscow_blackout_12793_5_rrc05.csv,0,0.713,0.596,0.886
/home/pc/bgp-feature-extractor/datasets/dataset_code-red_513_15_rrc04.csv,0,0.75,0.692,0.818
/home/pc/bgp-feature-extractor/datasets/dataset_code-red_513_1_rrc04.csv,0,0.782,0.706,0.877
/home/pc/bgp-feature-extractor/datasets/dataset_code-red_513_5_rrc04.csv,0,0.715,0.623,0.838
/home/pc/bgp-feature-extractor/datasets/dataset_code-red_6893_15_rrc04.csv,0,0.771,0.698,0.86
/home/pc/bgp-feature-extractor/datasets/dataset_code-red_6893_1_rrc04.csv,0,0.789,0.715,0.878
/home/pc/bgp-feature-extractor/datasets/dataset_code-red_6893_5_rrc04.csv,0,0.745,0.644,0.884
/home/pc/bgp-feature-extractor/datasets/dataset_nimda_513_1_rrc04.csv,0,0.787,0.895,0.701
/home/pc/bgp-feature-extractor/datasets/dataset_nimda_513_5_rrc04.csv,0,0.759,0.614,0.992
/home/pc/bgp-feature-extractor/datasets/dataset_nimda_559_1_rrc04.csv,0,0.696,0.767,0.638
/home/pc/bgp-feature-extractor/datasets/dataset_nimda_559_5_rrc04.csv,0,0.683,0.522,0.985
/home/pc/bgp-feature-extractor/datasets/dataset_nimda_6893_15_rrc04.csv,0,0.714,0.57,0.954
/home/pc/bgp-feature-extractor/datasets/dataset_nimda_6893_1_rrc04.csv,0,0.784,0.885,0.703
/home/pc/bgp-feature-extractor/datasets/dataset_nimda_6893_5_rrc04.csv,0,0.786,0.658,0.976
/home/pc/bgp-feature-extractor/datasets/dataset_moscow_blackout_1853_1_rrc05.csv,0,0.461,0.31,0.901
/home/pc/bgp-feature-extractor/datasets/dataset_moscow_blackout_1853_5_rrc05.csv,0,0.482,0.324,0.943
/home/pc/bgp-feature-extractor/datasets/dataset_moscow_blackout_12793_1_rrc05.csv,0,0.805,0.71,0.93
/home/pc/bgp-feature-extractor/datasets/dataset_moscow_blackout_12793_5_rrc05.csv,0,0.705,0.585,0.886
/home/pc/bgp-feature-extractor/datasets/dataset_code-red_513_15_rrc04.csv,0,0.75,0.692,0.818
/home/pc/bgp-feature-extractor/datasets/dataset_code-red_513_1_rrc04.csv,0,0.781,0.704,0.875
/home/pc/bgp-feature-extractor/datasets/dataset_code-red_513_5_rrc04.csv,0,0.704,0.61,0.831
/home/pc/bgp-feature-extractor/datasets/dataset_code-red_6893_15_rrc04.csv,0,0.796,0.709,0.907
/home/pc/bgp-feature-extractor/datasets/dataset_code-red_6893_1_rrc04.csv,0,0.789,0.715,0.878
/home/pc/bgp-feature-extractor/datasets/dataset_code-red_6893_5_rrc04.csv,0,0.748,0.648,0.884
/home/pc/bgp-feature-extractor/datasets/dataset_nimda_513_1_rrc04.csv,0,0.769,0.894,0.674
/home/pc/bgp-feature-extractor/datasets/dataset_nimda_513_5_rrc04.csv,0,0.751,0.605,0.992
/home/pc/bgp-feature-extractor/datasets/dataset_nimda_559_1_rrc04.csv,0,0.69,0.759,0.632
/home/pc/bgp-feature-extractor/datasets/dataset_nimda_559_5_rrc04.csv,0,0.682,0.522,0.983
/home/pc/bgp-feature-extractor/datasets/dataset_nimda_6893_15_rrc04.csv,0,0.718,0.574,0.958
/home/pc/bgp-feature-extractor/datasets/dataset_nimda_6893_1_rrc04.csv,0,0.776,0.88,0.694
/home/pc/bgp-feature-extractor/datasets/dataset_nimda_6893_5_rrc04.csv,0,0.786,0.659,0.975
/home/pc/bgp-feature-extractor/datasets/dataset_moscow_blackout_1853_1_rrc05.csv,0,0.471,0.319,0.901
/home/pc/bgp-feature-extractor/datasets/dataset_moscow_blackout_1853_5_rrc05.csv,0,0.489,0.33,0.943
/home/pc/bgp-feature-extractor/datasets/dataset_moscow_blackout_12793_1_rrc05.csv,0,0.812,0.717,0.936
/home/pc/bgp-feature-extractor/datasets/dataset_moscow_blackout_12793_5_rrc05.csv,0,0.705,0.585,0.886
/home/pc/bgp-feature-extractor/datasets/dataset_code-red_513_15_rrc04.csv,0,0.75,0.692,0.818
/home/pc/bgp-feature-extractor/datasets/dataset_code-red_513_1_rrc04.csv,0,0.777,0.697,0.877
/home/pc/bgp-feature-extractor/datasets/dataset_code-red_513_5_rrc04.csv,0,0.701,0.607,0.831
/home/pc/bgp-feature-extractor/datasets/dataset_code-red_6893_15_rrc04.csv,0,0.772,0.672,0.907
/home/pc/bgp-feature-extractor/datasets/dataset_code-red_6893_1_rrc04.csv,0,0.785,0.71,0.877
/home/pc/bgp-feature-extractor/datasets/dataset_code-red_6893_5_rrc04.csv,0,0.749,0.646,0.891
/home/pc/bgp-feature-extractor/datasets/dataset_nimda_513_1_rrc04.csv,0,0.759,0.895,0.659
/home/pc/bgp-feature-extractor/datasets/dataset_nimda_513_5_rrc04.csv,0,0.749,0.601,0.993
/home/pc/bgp-feature-extractor/datasets/dataset_nimda_559_1_rrc04.csv,0,0.69,0.773,0.624
/home/pc/bgp-feature-extractor/datasets/dataset_nimda_559_5_rrc04.csv,0,0.677,0.516,0.983
/home/pc/bgp-feature-extractor/datasets/dataset_nimda_6893_15_rrc04.csv,0,0.71,0.564,0.958
/home/pc/bgp-feature-extractor/datasets/dataset_nimda_6893_1_rrc04.csv,0,0.778,0.892,0.689
/home/pc/bgp-feature-extractor/datasets/dataset_nimda_6893_5_rrc04.csv,0,0.78,0.651,0.973
/home/pc/bgp-feature-extractor/datasets/dataset_moscow_blackout_1853_1_rrc05.csv,0,0.472,0.32,0.901
/home/pc/bgp-feature-extractor/datasets/dataset_moscow_blackout_1853_5_rrc05.csv,0,0.489,0.33,0.943
/home/pc/bgp-feature-extractor/datasets/dataset_moscow_blackout_12793_1_rrc05.csv,0,0.812,0.717,0.936
/home/pc/bgp-feature-extractor/datasets/dataset_moscow_blackout_12793_5_rrc05.csv,0,0.705,0.585,0.886
/home/pc/bgp-feature-extractor/datasets/dataset_code-red_513_15_rrc04.csv,0,0.75,0.692,0.818
/home/pc/bgp-feature-extractor/datasets/dataset_code-red_513_1_rrc04.csv,0,0.78,0.705,0.874
/home/pc/bgp-feature-extractor/datasets/dataset_code-red_513_5_rrc04.csv,0,0.704,0.61,0.831
/home/pc/bgp-feature-extractor/datasets/dataset_code-red_6893_15_rrc04.csv,0,0.776,0.691,0.884
/home/pc/bgp-feature-extractor/datasets/dataset_code-red_6893_1_rrc04.csv,0,0.792,0.724,0.874
/home/pc/bgp-feature-extractor/datasets/dataset_code-red_6893_5_rrc04.csv,0,0.752,0.65,0.891
/home/pc/bgp-feature-extractor/datasets/dataset_nimda_513_1_rrc04.csv,0,0.749,0.901,0.64
/home/pc/bgp-feature-extractor/datasets/dataset_nimda_513_5_rrc04.csv,0,0.742,0.592,0.993
/home/pc/bgp-feature-extractor/datasets/dataset_nimda_559_1_rrc04.csv,0,0.688,0.779,0.615
/home/pc/bgp-feature-extractor/datasets/dataset_nimda_559_5_rrc04.csv,0,0.682,0.522,0.982
/home/pc/bgp-feature-extractor/datasets/dataset_nimda_6893_15_rrc04.csv,0,0.713,0.569,0.954
/home/pc/bgp-feature-extractor/datasets/dataset_nimda_6893_1_rrc04.csv,0,0.771,0.897,0.677
/home/pc/bgp-feature-extractor/datasets/dataset_nimda_6893_5_rrc04.csv,0,0.777,0.646,0.975
/home/pc/bgp-feature-extractor/datasets/dataset_moscow_blackout_1853_1_rrc05.csv,0,0.472,0.32,0.901
/home/pc/bgp-feature-extractor/datasets/dataset_moscow_blackout_1853_5_rrc05.csv,0,0.489,0.33,0.943
/home/pc/bgp-feature-extractor/datasets/dataset_moscow_blackout_12793_1_rrc05.csv,0,0.81,0.714,0.936
/home/pc/bgp-feature-extractor/datasets/dataset_moscow_blackout_12793_5_rrc05.csv,0,0.705,0.585,0.886
/home/pc/bgp-feature-extractor/datasets/dataset_code-red_513_15_rrc04.csv,0,0.75,0.692,0.818
/home/pc/bgp-feature-extractor/datasets/dataset_code-red_513_1_rrc04.csv,0,0.779,0.704,0.872
/home/pc/bgp-feature-extractor/datasets/dataset_code-red_513_5_rrc04.csv,0,0.706,0.614,0.831
/home/pc/bgp-feature-extractor/datasets/dataset_code-red_6893_15_rrc04.csv,0,0.784,0.704,0.884
/home/pc/bgp-feature-extractor/datasets/dataset_code-red_6893_1_rrc04.csv,0,0.797,0.733,0.874
/home/pc/bgp-feature-extractor/datasets/dataset_code-red_6893_5_rrc04.csv,0,0.752,0.65,0.891
/home/pc/bgp-feature-extractor/datasets/dataset_nimda_513_1_rrc04.csv,0,0.739,0.911,0.622
/home/pc/bgp-feature-extractor/datasets/dataset_nimda_513_5_rrc04.csv,0,0.738,0.586,0.994
/home/pc/bgp-feature-extractor/datasets/dataset_nimda_559_1_rrc04.csv,0,0.679,0.786,0.598
/home/pc/bgp-feature-extractor/datasets/dataset_nimda_559_5_rrc04.csv,0,0.677,0.517,0.982
/home/pc/bgp-feature-extractor/datasets/dataset_nimda_6893_15_rrc04.csv,0,0.71,0.566,0.954
/home/pc/bgp-feature-extractor/datasets/dataset_nimda_6893_1_rrc04.csv,0,0.77,0.903,0.67
/home/pc/bgp-feature-extractor/datasets/dataset_nimda_6893_5_rrc04.csv,0,0.782,0.653,0.975
/home/pc/bgp-feature-extractor/datasets/dataset_moscow_blackout_1853_1_rrc05.csv,0,0.474,0.322,0.901
/home/pc/bgp-feature-extractor/datasets/dataset_moscow_blackout_1853_5_rrc05.csv,0,0.493,0.333,0.943
/home/pc/bgp-feature-extractor/datasets/dataset_moscow_blackout_12793_1_rrc05.csv,0,0.812,0.717,0.936
/home/pc/bgp-feature-extractor/datasets/dataset_moscow_blackout_12793_5_rrc05.csv,0,0.705,0.585,0.886
/home/pc/bgp-feature-extractor/datasets/dataset_code-red_513_15_rrc04.csv,0,0.75,0.692,0.818
/home/pc/bgp-feature-extractor/datasets/dataset_code-red_513_1_rrc04.csv,0,0.779,0.704,0.872
/home/pc/bgp-feature-extractor/datasets/dataset_code-red_513_5_rrc04.csv,0,0.704,0.61,0.831
/home/pc/bgp-feature-extractor/datasets/dataset_code-red_6893_15_rrc04.csv,0,0.784,0.704,0.884
/home/pc/bgp-feature-extractor/datasets/dataset_code-red_6893_1_rrc04.csv,0,0.8,0.736,0.875
/home/pc/bgp-feature-extractor/datasets/dataset_code-red_6893_5_rrc04.csv,0,0.759,0.661,0.891
/home/pc/bgp-feature-extractor/datasets/dataset_nimda_513_1_rrc04.csv,0,0.753,0.911,0.642
/home/pc/bgp-feature-extractor/datasets/dataset_nimda_513_5_rrc04.csv,0,0.739,0.588,0.994
/home/pc/bgp-feature-extractor/datasets/dataset_nimda_559_1_rrc04.csv,0,0.678,0.786,0.596
/home/pc/bgp-feature-extractor/datasets/dataset_nimda_559_5_rrc04.csv,0,0.673,0.512,0.982
/home/pc/bgp-feature-extractor/datasets/dataset_nimda_6893_15_rrc04.csv,0,0.712,0.565,0.962
/home/pc/bgp-feature-extractor/datasets/dataset_nimda_6893_1_rrc04.csv,0,0.773,0.899,0.678
/home/pc/bgp-feature-extractor/datasets/dataset_nimda_6893_5_rrc04.csv,0,0.773,0.64,0.975
/home/pc/bgp-feature-extractor/datasets/dataset_moscow_blackout_1853_1_rrc05.csv,0,0.478,0.326,0.901
/home/pc/bgp-feature-extractor/datasets/dataset_moscow_blackout_1853_5_rrc05.csv,0,0.493,0.333,0.943
/home/pc/bgp-feature-extractor/datasets/dataset_moscow_blackout_12793_1_rrc05.csv,0,0.823,0.734,0.936
/home/pc/bgp-feature-extractor/datasets/dataset_moscow_blackout_12793_5_rrc05.csv,0,0.705,0.585,0.886
/home/pc/bgp-feature-extractor/datasets/dataset_code-red_513_15_rrc04.csv,0,0.75,0.692,0.818
/home/pc/bgp-feature-extractor/datasets/dataset_code-red_513_1_rrc04.csv,0,0.781,0.706,0.874
/home/pc/bgp-feature-extractor/datasets/dataset_code-red_513_5_rrc04.csv,0,0.708,0.617,0.831
/home/pc/bgp-feature-extractor/datasets/dataset_code-red_6893_15_rrc04.csv,0,0.776,0.691,0.884
/home/pc/bgp-feature-extractor/datasets/dataset_code-red_6893_1_rrc04.csv,0,0.794,0.728,0.874
/home/pc/bgp-feature-extractor/datasets/dataset_code-red_6893_5_rrc04.csv,0,0.754,0.653,0.891
/home/pc/bgp-feature-extractor/datasets/dataset_nimda_513_1_rrc04.csv,0,0.748,0.91,0.635
/home/pc/bgp-feature-extractor/datasets/dataset_nimda_513_5_rrc04.csv,0,0.741,0.59,0.994
/home/pc/bgp-feature-extractor/datasets/dataset_nimda_559_1_rrc04.csv,0,0.677,0.786,0.595
/home/pc/bgp-feature-extractor/datasets/dataset_nimda_559_5_rrc04.csv,0,0.675,0.514,0.982
/home/pc/bgp-feature-extractor/datasets/dataset_nimda_6893_15_rrc04.csv,0,0.711,0.566,0.958
/home/pc/bgp-feature-extractor/datasets/dataset_nimda_6893_1_rrc04.csv,0,0.769,0.9,0.672
/home/pc/bgp-feature-extractor/datasets/dataset_nimda_6893_5_rrc04.csv,0,0.775,0.643,0.975
/home/pc/bgp-feature-extractor/datasets/dataset_moscow_blackout_1853_1_rrc05.csv,0,0.491,0.338,0.901
/home/pc/bgp-feature-extractor/datasets/dataset_moscow_blackout_1853_5_rrc05.csv,0,0.5,0.34,0.943
/home/pc/bgp-feature-extractor/datasets/dataset_moscow_blackout_12793_1_rrc05.csv,0,0.823,0.734,0.936
/home/pc/bgp-feature-extractor/datasets/dataset_moscow_blackout_12793_5_rrc05.csv,0,0.713,0.596,0.886
/home/pc/bgp-feature-extractor/datasets/dataset_code-red_513_15_rrc04.csv,0,0.758,0.706,0.818
/home/pc/bgp-feature-extractor/datasets/dataset_code-red_513_1_rrc04.csv,0,0.787,0.716,0.872
/home/pc/bgp-feature-extractor/datasets/dataset_code-red_513_5_rrc04.csv,0,0.718,0.632,0.831
/home/pc/bgp-feature-extractor/datasets/dataset_code-red_6893_15_rrc04.csv,0,0.784,0.704,0.884
/home/pc/bgp-feature-extractor/datasets/dataset_code-red_6893_1_rrc04.csv,0,0.799,0.735,0.875
/home/pc/bgp-feature-extractor/datasets/dataset_code-red_6893_5_rrc04.csv,0,0.754,0.653,0.891
/home/pc/bgp-feature-extractor/datasets/dataset_nimda_513_1_rrc04.csv,0,0.744,0.91,0.629
/home/pc/bgp-feature-extractor/datasets/dataset_nimda_513_5_rrc04.csv,0,0.744,0.595,0.994
/home/pc/bgp-feature-extractor/datasets/dataset_nimda_559_1_rrc04.csv,0,0.673,0.79,0.586
/home/pc/bgp-feature-extractor/datasets/dataset_nimda_559_5_rrc04.csv,0,0.67,0.508,0.983
/home/pc/bgp-feature-extractor/datasets/dataset_nimda_6893_15_rrc04.csv,0,0.71,0.563,0.962
/home/pc/bgp-feature-extractor/datasets/dataset_nimda_6893_1_rrc04.csv,0,0.77,0.907,0.669
/home/pc/bgp-feature-extractor/datasets/dataset_nimda_6893_5_rrc04.csv,0,0.775,0.644,0.975
/home/pc/bgp-feature-extractor/datasets/dataset_moscow_blackout_1853_1_rrc05.csv,0,0.486,0.332,0.906
/home/pc/bgp-feature-extractor/datasets/dataset_moscow_blackout_1853_5_rrc05.csv,0,0.496,0.337,0.943
/home/pc/bgp-feature-extractor/datasets/dataset_moscow_blackout_12793_1_rrc05.csv,0,0.823,0.734,0.936
/home/pc/bgp-feature-extractor/datasets/dataset_moscow_blackout_12793_5_rrc05.csv,0,0.713,0.596,0.886
/home/pc/bgp-feature-extractor/datasets/dataset_code-red_513_15_rrc04.csv,0,0.758,0.706,0.818
/home/pc/bgp-feature-extractor/datasets/dataset_code-red_513_1_rrc04.csv,0,0.788,0.719,0.871
/home/pc/bgp-feature-extractor/datasets/dataset_code-red_513_5_rrc04.csv,0,0.722,0.639,0.831
/home/pc/bgp-feature-extractor/datasets/dataset_code-red_6893_15_rrc04.csv,0,0.784,0.704,0.884
/home/pc/bgp-feature-extractor/datasets/dataset_code-red_6893_1_rrc04.csv,0,0.803,0.744,0.874
/home/pc/bgp-feature-extractor/datasets/dataset_code-red_6893_5_rrc04.csv,0,0.759,0.661,0.891
/home/pc/bgp-feature-extractor/datasets/dataset_nimda_513_1_rrc04.csv,0,0.738,0.915,0.618
/home/pc/bgp-feature-extractor/datasets/dataset_nimda_513_5_rrc04.csv,0,0.744,0.594,0.993
/home/pc/bgp-feature-extractor/datasets/dataset_nimda_559_1_rrc04.csv,0,0.676,0.798,0.586
/home/pc/bgp-feature-extractor/datasets/dataset_nimda_559_5_rrc04.csv,0,0.672,0.511,0.982
/home/pc/bgp-feature-extractor/datasets/dataset_nimda_6893_15_rrc04.csv,0,0.711,0.564,0.962
/home/pc/bgp-feature-extractor/datasets/dataset_nimda_6893_1_rrc04.csv,0,0.767,0.914,0.661
/home/pc/bgp-feature-extractor/datasets/dataset_nimda_6893_5_rrc04.csv,0,0.778,0.647,0.975
/home/pc/bgp-feature-extractor/datasets/dataset_moscow_blackout_1853_1_rrc05.csv,0,0.49,0.337,0.901
/home/pc/bgp-feature-extractor/datasets/dataset_moscow_blackout_1853_5_rrc05.csv,0,0.5,0.34,0.943
/home/pc/bgp-feature-extractor/datasets/dataset_moscow_blackout_12793_1_rrc05.csv,0,0.818,0.727,0.936
/home/pc/bgp-feature-extractor/datasets/dataset_moscow_blackout_12793_5_rrc05.csv,0,0.705,0.585,0.886
/home/pc/bgp-feature-extractor/datasets/dataset_code-red_513_15_rrc04.csv,0,0.758,0.706,0.818
/home/pc/bgp-feature-extractor/datasets/dataset_code-red_513_1_rrc04.csv,0,0.791,0.726,0.869
/home/pc/bgp-feature-extractor/datasets/dataset_code-red_513_5_rrc04.csv,0,0.73,0.651,0.831
/home/pc/bgp-feature-extractor/datasets/dataset_code-red_6893_15_rrc04.csv,0,0.771,0.698,0.86
/home/pc/bgp-feature-extractor/datasets/dataset_code-red_6893_1_rrc04.csv,0,0.805,0.746,0.875
/home/pc/bgp-feature-extractor/datasets/dataset_code-red_6893_5_rrc04.csv,0,0.759,0.661,0.891
/home/pc/bgp-feature-extractor/datasets/dataset_nimda_513_1_rrc04.csv,0,0.74,0.918,0.62
/home/pc/bgp-feature-extractor/datasets/dataset_nimda_513_5_rrc04.csv,0,0.736,0.585,0.994
/home/pc/bgp-feature-extractor/datasets/dataset_nimda_559_1_rrc04.csv,0,0.671,0.803,0.577
/home/pc/bgp-feature-extractor/datasets/dataset_nimda_559_5_rrc04.csv,0,0.667,0.504,0.983
/home/pc/bgp-feature-extractor/datasets/dataset_nimda_6893_15_rrc04.csv,0,0.709,0.561,0.962
/home/pc/bgp-feature-extractor/datasets/dataset_nimda_6893_1_rrc04.csv,0,0.765,0.909,0.66
/home/pc/bgp-feature-extractor/datasets/dataset_nimda_6893_5_rrc04.csv,0,0.778,0.648,0.975
/home/pc/bgp-feature-extractor/datasets/dataset_moscow_blackout_1853_1_rrc05.csv,0,0.485,0.331,0.906
/home/pc/bgp-feature-extractor/datasets/dataset_moscow_blackout_1853_5_rrc05.csv,0,0.496,0.337,0.943
/home/pc/bgp-feature-extractor/datasets/dataset_moscow_blackout_12793_1_rrc05.csv,0,0.823,0.734,0.936
/home/pc/bgp-feature-extractor/datasets/dataset_moscow_blackout_12793_5_rrc05.csv,0,0.705,0.585,0.886
